0054.62752,00036.540243,63.7860345,26.36106,19.11925406
000093.84283,0076.481976,27.468154,00000065.248,00045.64
0057.0606272,5.4065083,000097.1206,0069.80396,37.8196934
000063.47871,000011.33381,15.5007739,00000026.54,66.0911527
088.3833,84.49647939,024.79056,000028.353,0096.185486
14.9179543,29.39614789,091.0549,079.44323169,91.7053144
00055.029,58.6741037,0003.407452,073.25617167,00093.293
000050.45193,00029.8448,00042.59222,000035.2406,0033.6984742
00003.2263,18.9765391,00024.923266,0048.99139,65.725891
0000014.3107,8.695897214,002.109923,00000093.863,0092.041
0072.1793,00020.91214,74.60613,046.427183,00000023.49
0077.244,92.03644,81.0776649,0056.0146657,008.7720283
040.8764228,0018.6531446,00000069.701,00054.2217,60.338337
89.16327,61.097481,98.22017029,014.1769,00000093.178
065.6865,00075.351,000050.94589,0018.819,0058.16937
3.241404,00019.104,0050.839908,00000040.726,25.45019296
20.30548721,0082.32891,92.213667,0000070.0788,0057.19429
48.069485,0094.7657115,94.2947255,058.5887049,31.4913571
00026.51,00076.217,70.47628904,32.65132,41.47789506
0028.72178,49.36586,8.227732559,0000028.9501,90.37309344
002.46544632,000019.70118,0041.6409,05.4663917,7.556658884
034.9731,27.9483842,00065.97898,00000086.321,00000093.863
063.50965,00000085.605,5.03303313,0018.073873,0006.23639
72.9957293,016.35325,04.94222537,081.2728,53.890167
83.21200745,0000028.802,0013.1531362,72.0208474,0023.2533384
36.728519,62.59892117,077.2312,81.32903088,00053.201
70.0315974,95.48523287,000028.13662,00051.88063,000096.9412
65.47402253,0000038.162,00000075.843,81.065649,00027.5483
45.22272755,0000027.1699,0013.29953,56.149545,00048.40214
18.37474698,0071.9257345,049.7314,0015.996877,024.4004717
0000009.8313,00057.7444,26.3021052,00005.924861,51.316671
0000077.926,0092.736,0000060.432,94.7947951,0032.0402325
006.064653,90.45178637,0052.391,0024.133996,86.147445
00005.522348,30.12738326,006.21474,36.89462217,035.2399
30.4060051,90.60164,087.4182235,36.9888482,000047.11915
57.171965,88.2947191,00014.965672,00099.82679,00086.2114
21.8823996,049.4846805,00045.997,000000006.1,0000026.054
000073.9494,012.5065,0030.2674,75.99698896,000016.90017
029.403624,25.98682534,0054.2312571,000067.78657,064.25761636
0000090.446,0000094.6713,000027.2163,000084.066,0076.864
010.4136013,25.6540612,42.48062,28.106445,0012.941183
034.4470719,000054.597,0083.01765,000072.88382,00039.806
86.412548,025.0491,38.5982417,00061.823188,000044.863
0073.3391,00083.2377,00000080.903,00069.0023,0032.5993
40.907508,0023.3637481,23.42967,058.02383,0036.73476
0057.53678,23.314708,0000081.942,000073.33943,00071.1643
080.3146707,089.418233,0000017.874,00056.66841,000048.58747
0089.017,49.309106,12.1247198,060.50596693,0008.6712662
017.40230174,58.65808413,0098.775,085.897237,00006.483493
26.3800132,00016.28256,54.26256,53.199403,33.48313807
71.0496448,10.4764147,0000087.7051,49.29756701,000014.0225
0093.52571,0059.14852,00063.574,00071.34416,000089.726
50.56142747,25.663743,000081.21563,00087.34728,0066.276
9.822247,008.0901782,36.665136,037.9441437,00083.452
0094.971,53.32323005,00000099.862,082.09055,94.19346
0000012.3282,013.75337902,36.67406582,7.752360211,0046.7896
0067.6557172,00000073.32,00088.924922,62.8777317,3.6391716
000000.27879,42.23720111,0000008.2744,00070.168,0000041.8258
046.694958,055.58178276,0092.5423,00088.06563,98.028702
0051.69545,00026.64239,001.91838207,00043.74086,037.1363658
67.579548,71.0448081,0026.168,39.5439394,0068.89114
00022.853,0015.637486,000062.63255,98.02685,57.5693948
00029.03049,00000053.252,0000011.654,0037.094,073.2296
53.789332,0000045.215,00074.077548,00020.4934,26.3776324
0063.754,021.01009,000007.6612,00029.8776,075.45984
00001.2486,0056.1737,0010.534,17.032829,43.9167582
9.38468556,00058.5411,042.4466,0040.801464,81.456672
22.27482,013.79916257,0.3950329,50.20330207,087.160166
00038.61,000016.167,66.749269,0000047.8101,0000056.114
96.975101,54.090094,093.34777,22.72385834,24.23169368
000085.0896,038.69149,86.299036,79.72470132,22.30265287
059.01817217,98.12622318,0000011.0721,91.4978029,66.629477
087.8390084,0000068.6111,0000013.679,013.030386,10.1204709
49.712898,0051.3166749,71.77965019,088.3193,98.9517004
0000043.7506,00009.55042,0042.84117,66.05796013,061.6901
000094.639,75.96083968,89.79158674,3.501604897,099.8049
51.23639265,84.738415,0085.861046,0052.608,1.503543
0026.3282,27.076436,00018.0723,0069.67587,000031.20205
50.60146506,084.92782,0016.28045,00000038.305,0088.028
0000055.2162,00000098.502,088.7282419,4.777893,0024.4020887
0007.6402,46.813027,64.09037725,00025.4736,35.57842275
0074.6299467,00079.926,006.65660213,0020.89854,00087.393961
0018.135128,0041.6389,00000028.063,082.39783953,0000036.476
054.8666738,088.85797267,075.210664,89.4463622,000055.387
0000064.7587,00074.63694,00041.53645,00041.38686,49.274424
000062.99521,0048.2077,0000032.548,00041.467,0031.7779028
16.5445894,76.18567965,0000094.5102,79.44104,0013.7620513
0078.412,0038.20116,010.8985,0032.4329,00063.9283
42.981262,000066.1806,00006.0817,0026.11791,89.54125644
0050.035716,00095.384505,9.66329908,000098.75087,0088.7342238
30.81877398,2.589437,000040.518,034.5888,0048.151093
12.41358211,51.56761035,00097.253,20.381719,0000066.8531
32.82346248,19.223566,0000.1861971,0047.0241,00040.98486
034.7265273,92.05312657,00090.46499,0000045.1506,0013.67796
33.6398444,47.80782505,0062.954621,056.7572062,052.147321
000071.163,041.5947,0041.5299679,10.51763472,7.380868
056.48584248,097.645424,050.8329,71.70054405,00066.0523
049.0401,00000018.775,068.09045,0020.473799,0000014.601
0019.27786,88.41125411,000000059.37,07.604294,27.08504802
00000052.347,0089.0789591,04.718943,03.3276614,009.2974
