     0.0	    58.0
     1.0	    62.6
     2.0	    70.0
     3.0	    55.7
     4.0	    85.0
     5.0	    83.5
     6.0	    94.8
     7.0	    66.3
     8.0	    75.9
     9.0	    75.5
    10.0	   158.6
    11.0	    85.2
    12.0	    73.3
    13.0	    75.9
    14.0	    89.2
    15.0	    88.3
    16.0	    90.0
    17.0	   100.0
    18.0	    85.4
    19.0	   103.0
    20.0	    91.2
    21.0	    65.7
    22.0	    63.3
    23.0	    75.4
    24.0	    70.0
    25.0	    43.5
    26.0	    45.3
    27.0	    56.4
    28.0	    60.7
    29.0	    50.7
    30.0	    66.3
    31.0	    59.8
    32.0	    23.5
    33.0	    23.2
    34.0	    28.5
    35.0	    44.0
    36.0	    35.0
    37.0	    50.0
    38.0	    71.0
    39.0	    59.3
    40.0	    59.7
    41.0	    39.6
    42.0	    78.4
    43.0	    29.3
    44.0	    27.1
    45.0	    46.6
    46.0	    37.6
    47.0	    40.0
    48.0	    44.0
    49.0	    32.0
    50.0	    45.7
    51.0	    38.0
    52.0	    36.0
    53.0	    31.7
    54.0	    22.0
    55.0	    39.0
    56.0	    28.0
    57.0	    25.0
    58.0	    20.0
    59.0	     6.7
    60.0	     0.0
    61.0	     3.0
    62.0	     1.7
    63.0	    13.7
    64.0	    20.7
    65.0	    26.7
    66.0	    18.8
    67.0	    12.3
    68.0	     8.2
    69.0	    24.1
    70.0	    13.2
    71.0	     4.2
    72.0	    10.2
    73.0	    11.2
    74.0	     6.8
    75.0	     6.5
    76.0	     0.0
    77.0	     0.0
    78.0	     8.6
    79.0	     3.2
    80.0	    17.8
    81.0	    23.7
    82.0	     6.8
    83.0	    20.0
    84.0	    12.5
    85.0	     7.1
    86.0	     5.4
    87.0	     9.4
    88.0	    12.5
    89.0	    12.9
    90.0	     3.6
    91.0	     6.4
    92.0	    11.8
    93.0	    14.3
    94.0	    17.0
    95.0	     9.4
    96.0	    14.1
    97.0	    21.2
    98.0	    26.2
    99.0	    30.0
   100.0	    38.1
   101.0	    12.8
   102.0	    25.0
   103.0	    51.3
   104.0	    39.7
   105.0	    32.5
   106.0	    64.7
   107.0	    33.5
   108.0	    37.6
   109.0	    52.0
   110.0	    49.0
   111.0	    72.3
   112.0	    46.4
   113.0	    45.0
   114.0	    44.0
   115.0	    38.7
   116.0	    62.5
   117.0	    37.7
   118.0	    43.0
   119.0	    43.0
   120.0	    48.3
   121.0	    44.0
   122.0	    46.8
   123.0	    47.0
   124.0	    49.0
   125.0	    50.0
   126.0	    51.0
   127.0	    71.3
   128.0	    77.2
   129.0	    59.7
   130.0	    46.3
   131.0	    57.0
   132.0	    67.3
   133.0	    59.5
   134.0	    74.7
   135.0	    58.3
   136.0	    72.0
   137.0	    48.3
   138.0	    66.0
   139.0	    75.6
   140.0	    61.3
   141.0	    50.6
   142.0	    59.7
   143.0	    61.0
   144.0	    70.0
   145.0	    91.0
   146.0	    80.7
   147.0	    71.7
   148.0	   107.2
   149.0	    99.3
   150.0	    94.1
   151.0	    91.1
   152.0	   100.7
   153.0	    88.7
   154.0	    89.7
   155.0	    46.0
   156.0	    43.8
   157.0	    72.8
   158.0	    45.7
   159.0	    60.2
   160.0	    39.9
   161.0	    77.1
   162.0	    33.8
   163.0	    67.7
   164.0	    68.5
   165.0	    69.3
   166.0	    77.8
   167.0	    77.2
   168.0	    56.5
   169.0	    31.9
   170.0	    34.2
   171.0	    32.9
   172.0	    32.7
   173.0	    35.8
   174.0	    54.2
   175.0	    26.5
   176.0	    68.1
   177.0	    46.3
   178.0	    60.9
   179.0	    61.4
   180.0	    59.7
   181.0	    59.7
   182.0	    40.2
   183.0	    34.4
   184.0	    44.3
   185.0	    30.0
   186.0	    30.0
   187.0	    30.0
   188.0	    28.2
   189.0	    28.0
   190.0	    26.0
   191.0	    25.7
   192.0	    24.0
   193.0	    26.0
   194.0	    25.0
   195.0	    22.0
   196.0	    20.2
   197.0	    20.0
   198.0	    27.0
   199.0	    29.7
   200.0	    16.0
   201.0	    14.0
   202.0	    14.0
   203.0	    13.0
   204.0	    12.0
   205.0	    11.0
   206.0	    36.6
   207.0	     6.0
   208.0	    26.8
   209.0	     3.0
   210.0	     3.3
   211.0	     4.0
   212.0	     4.3
   213.0	     5.0
   214.0	     5.7
   215.0	    19.2
   216.0	    27.4
   217.0	    30.0
   218.0	    43.0
   219.0	    32.9
   220.0	    29.8
   221.0	    33.3
   222.0	    21.9
   223.0	    40.8
   224.0	    42.7
   225.0	    44.1
   226.0	    54.7
   227.0	    53.3
   228.0	    53.5
   229.0	    66.1
   230.0	    46.3
   231.0	    42.7
   232.0	    77.7
   233.0	    77.4
   234.0	    52.6
   235.0	    66.8
   236.0	    74.8
   237.0	    77.8
   238.0	    90.6
   239.0	   111.8
   240.0	    73.9
   241.0	    64.2
   242.0	    64.3
   243.0	    96.7
   244.0	    73.6
   245.0	    94.4
   246.0	   118.6
   247.0	   120.3
   248.0	   148.8
   249.0	   158.2
   250.0	   148.1
   251.0	   112.0
   252.0	   104.0
   253.0	   142.5
   254.0	    80.1
   255.0	    51.0
   256.0	    70.1
   257.0	    83.3
   258.0	   109.8
   259.0	   126.3
   260.0	   104.4
   261.0	   103.6
   262.0	   132.2
   263.0	   102.3
   264.0	    36.0
   265.0	    46.2
   266.0	    46.7
   267.0	    64.9
   268.0	   152.7
   269.0	   119.5
   270.0	    67.7
   271.0	    58.5
   272.0	   101.4
   273.0	    90.0
   274.0	    99.7
   275.0	    95.7
   276.0	   100.9
   277.0	    90.8
   278.0	    31.1
   279.0	    92.2
   280.0	    38.0
   281.0	    57.0
   282.0	    77.3
   283.0	    56.2
   284.0	    50.5
   285.0	    78.6
   286.0	    61.3
   287.0	    64.0
   288.0	    54.6
   289.0	    29.0
   290.0	    51.2
   291.0	    32.9
   292.0	    41.1
   293.0	    28.4
   294.0	    27.7
   295.0	    12.7
   296.0	    29.3
   297.0	    26.3
   298.0	    40.9
   299.0	    43.2
   300.0	    46.8
   301.0	    65.4
   302.0	    55.7
   303.0	    43.8
   304.0	    51.3
   305.0	    28.5
   306.0	    17.5
   307.0	     6.6
   308.0	     7.9
   309.0	    14.0
   310.0	    17.7
   311.0	    12.2
   312.0	     4.4
   313.0	     0.0
   314.0	    11.6
   315.0	    11.2
   316.0	     3.9
   317.0	    12.3
   318.0	     1.0
   319.0	     7.9
   320.0	     3.2
   321.0	     5.6
   322.0	    15.1
   323.0	     7.9
   324.0	    21.7
   325.0	    11.6
   326.0	     6.3
   327.0	    21.8
   328.0	    11.2
   329.0	    19.0
   330.0	     1.0
   331.0	    24.2
   332.0	    16.0
   333.0	    30.0
   334.0	    35.0
   335.0	    40.0
   336.0	    45.0
   337.0	    36.5
   338.0	    39.0
   339.0	    95.5
   340.0	    80.3
   341.0	    80.7
   342.0	    95.0
   343.0	   112.0
   344.0	   116.2
   345.0	   106.5
   346.0	   146.0
   347.0	   157.3
   348.0	   177.3
   349.0	   109.3
   350.0	   134.0
   351.0	   145.0
   352.0	   238.9
   353.0	   171.6
   354.0	   153.0
   355.0	   140.0
   356.0	   171.7
   357.0	   156.3
   358.0	   150.3
   359.0	   105.0
   360.0	   114.7
   361.0	   165.7
   362.0	   118.0
   363.0	   145.0
   364.0	   140.0
   365.0	   113.7
   366.0	   143.0
   367.0	   112.0
   368.0	   111.0
   369.0	   124.0
   370.0	   114.0
   371.0	   110.0
   372.0	    70.0
   373.0	    98.0
   374.0	    98.0
   375.0	    95.0
   376.0	   107.2
   377.0	    88.0
   378.0	    86.0
   379.0	    86.0
   380.0	    93.7
   381.0	    77.0
   382.0	    60.0
   383.0	    58.7
   384.0	    98.7
   385.0	    74.7
   386.0	    53.0
   387.0	    68.3
   388.0	   104.7
   389.0	    97.7
   390.0	    73.5
   391.0	    66.0
   392.0	    51.0
   393.0	    27.3
   394.0	    67.0
   395.0	    35.2
   396.0	    54.0
   397.0	    37.5
   398.0	    37.0
   399.0	    41.0
   400.0	    54.3
   401.0	    38.0
   402.0	    37.0
   403.0	    44.0
   404.0	    34.0
   405.0	    23.2
   406.0	    31.5
   407.0	    30.0
   408.0	    28.0
   409.0	    38.7
   410.0	    26.7
   411.0	    28.3
   412.0	    23.0
   413.0	    25.2
   414.0	    32.2
   415.0	    20.0
   416.0	    18.0
   417.0	     8.0
   418.0	    15.0
   419.0	    10.5
   420.0	    13.0
   421.0	     8.0
   422.0	    11.0
   423.0	    10.0
   424.0	     6.0
   425.0	     9.0
   426.0	     6.0
   427.0	    10.0
   428.0	    10.0
   429.0	     8.0
   430.0	    17.0
   431.0	    14.0
   432.0	     6.5
   433.0	     8.0
   434.0	     9.0
   435.0	    15.7
   436.0	    20.7
   437.0	    26.3
   438.0	    36.3
   439.0	    20.0
   440.0	    32.0
   441.0	    47.2
   442.0	    40.2
   443.0	    27.3
   444.0	    37.2
   445.0	    47.6
   446.0	    47.7
   447.0	    85.4
   448.0	    92.3
   449.0	    59.0
   450.0	    83.0
   451.0	    89.7
   452.0	   111.5
   453.0	   112.3
   454.0	   116.0
   455.0	   112.7
   456.0	   134.7
   457.0	   106.0
   458.0	    87.4
   459.0	   127.2
   460.0	   134.8
   461.0	    99.2
   462.0	   128.0
   463.0	   137.2
   464.0	   157.3
   465.0	   157.0
   466.0	   141.5
   467.0	   174.0
   468.0	   138.0
   469.0	   129.2
   470.0	   143.3
   471.0	   108.5
   472.0	   113.0
   473.0	   154.2
   474.0	   141.5
   475.0	   136.0
   476.0	   141.0
   477.0	   142.0
   478.0	    94.7
   479.0	   129.5
   480.0	   114.0
   481.0	   125.3
   482.0	   120.0
   483.0	   123.3
   484.0	   123.5
   485.0	   120.0
   486.0	   117.0
   487.0	   103.0
   488.0	   112.0
   489.0	    89.7
   490.0	   134.0
   491.0	   135.5
   492.0	   103.0
   493.0	   127.5
   494.0	    96.3
   495.0	    94.0
   496.0	    93.0
   497.0	    91.0
   498.0	    69.3
   499.0	    87.0
   500.0	    77.3
   501.0	    84.3
   502.0	    82.0
   503.0	    74.0
   504.0	    72.7
   505.0	    62.0
   506.0	    74.0
   507.0	    77.2
   508.0	    73.7
   509.0	    64.2
   510.0	    71.0
   511.0	    43.0
   512.0	    66.5
   513.0	    61.7
   514.0	    67.0
   515.0	    66.0
   516.0	    58.0
   517.0	    64.0
   518.0	    63.0
   519.0	    75.7
   520.0	    62.0
   521.0	    61.0
   522.0	    45.8
   523.0	    60.0
   524.0	    59.0
   525.0	    59.0
   526.0	    57.0
   527.0	    56.0
   528.0	    56.0
   529.0	    55.0
   530.0	    55.5
   531.0	    53.0
   532.0	    52.3
   533.0	    51.0
   534.0	    50.0
   535.0	    29.3
   536.0	    24.0
   537.0	    47.0
   538.0	    44.0
   539.0	    45.7
   540.0	    45.0
   541.0	    44.0
   542.0	    38.0
   543.0	    28.4
   544.0	    55.7
   545.0	    41.5
   546.0	    41.0
   547.0	    40.0
   548.0	    11.1
   549.0	    28.5
   550.0	    67.4
   551.0	    51.4
   552.0	    21.4
   553.0	    39.9
   554.0	    12.6
   555.0	    18.6
   556.0	    31.0
   557.0	    17.1
   558.0	    12.9
   559.0	    25.7
   560.0	    13.5
   561.0	    19.5
   562.0	    25.0
   563.0	    18.0
   564.0	    22.0
   565.0	    23.8
   566.0	    15.7
   567.0	    31.7
   568.0	    21.0
   569.0	     6.7
   570.0	    26.9
   571.0	     1.5
   572.0	    18.4
   573.0	    11.0
   574.0	     8.4
   575.0	     5.1
   576.0	    14.4
   577.0	     4.2
   578.0	     4.0
   579.0	     4.0
   580.0	     7.3
   581.0	    11.1
   582.0	     4.3
   583.0	     6.0
   584.0	     5.7
   585.0	     6.9
   586.0	     5.8
   587.0	     3.0
   588.0	     2.0
   589.0	     4.0
   590.0	    12.4
   591.0	     1.1
   592.0	     0.0
   593.0	     0.0
   594.0	     0.0
   595.0	     3.0
   596.0	     2.4
   597.0	     1.5
   598.0	    12.5
   599.0	     9.9
   600.0	     1.6
   601.0	    12.6
   602.0	    21.7
   603.0	     8.4
   604.0	     8.2
   605.0	    10.6
   606.0	     2.1
   607.0	     0.0
   608.0	     0.0
   609.0	     4.6
   610.0	     2.7
   611.0	     8.6
   612.0	     6.9
   613.0	     9.3
   614.0	    13.9
   615.0	     0.0
   616.0	     5.0
   617.0	    23.7
   618.0	    21.0
   619.0	    19.5
   620.0	    11.5
   621.0	    12.3
   622.0	    10.5
   623.0	    40.1
   624.0	    27.0
   625.0	    29.0
   626.0	    30.0
   627.0	    31.0
   628.0	    32.0
   629.0	    31.2
   630.0	    35.0
   631.0	    38.7
   632.0	    33.5
   633.0	    32.6
   634.0	    39.8
   635.0	    48.2
   636.0	    47.8
   637.0	    47.0
   638.0	    40.8
   639.0	    42.0
   640.0	    44.0
   641.0	    46.0
   642.0	    48.0
   643.0	    50.0
   644.0	    51.8
   645.0	    38.5
   646.0	    34.5
   647.0	    50.0
   648.0	    50.0
   649.0	    50.8
   650.0	    29.5
   651.0	    25.0
   652.0	    44.3
   653.0	    36.0
   654.0	    48.3
   655.0	    34.1
   656.0	    45.3
   657.0	    54.3
   658.0	    51.0
   659.0	    48.0
   660.0	    45.3
   661.0	    48.3
   662.0	    48.0
   663.0	    50.6
   664.0	    33.4
   665.0	    34.8
   666.0	    29.8
   667.0	    43.1
   668.0	    53.0
   669.0	    62.3
   670.0	    61.0
   671.0	    60.0
   672.0	    61.0
   673.0	    44.1
   674.0	    51.4
   675.0	    37.5
   676.0	    39.0
   677.0	    40.5
   678.0	    37.6
   679.0	    42.7
   680.0	    44.4
   681.0	    29.4
   682.0	    41.0
   683.0	    38.3
   684.0	    39.0
   685.0	    29.6
   686.0	    32.7
   687.0	    27.7
   688.0	    26.4
   689.0	    25.6
   690.0	    30.0
   691.0	    26.3
   692.0	    24.0
   693.0	    27.0
   694.0	    25.0
   695.0	    24.0
   696.0	    12.0
   697.0	    12.2
   698.0	     9.6
   699.0	    23.8
   700.0	    10.0
   701.0	    12.0
   702.0	    12.7
   703.0	    12.0
   704.0	     5.7
   705.0	     8.0
   706.0	     2.6
   707.0	     0.0
   708.0	     0.0
   709.0	     4.5
   710.0	     0.0
   711.0	    12.3
   712.0	    13.5
   713.0	    13.5
   714.0	     6.7
   715.0	     8.0
   716.0	    11.7
   717.0	     4.7
   718.0	    10.5
   719.0	    12.3
   720.0	     7.2
   721.0	     9.2
   722.0	     0.9
   723.0	     2.5
   724.0	     2.0
   725.0	     7.7
   726.0	     0.3
   727.0	     0.2
   728.0	     0.4
   729.0	     0.0
   730.0	     0.0
   731.0	     0.0
   732.0	     0.0
   733.0	     0.0
   734.0	     0.0
   735.0	     0.0
   736.0	     0.0
   737.0	     0.0
   738.0	     0.0
   739.0	     0.0
   740.0	     0.0
   741.0	     0.0
   742.0	     0.0
   743.0	     0.0
   744.0	     0.0
   745.0	     0.0
   746.0	     0.0
   747.0	     0.0
   748.0	     0.0
   749.0	     0.0
   750.0	     6.6
   751.0	     0.0
   752.0	     2.4
   753.0	     6.1
   754.0	     0.8
   755.0	     1.1
   756.0	    11.3
   757.0	     1.9
   758.0	     0.7
   759.0	     0.0
   760.0	     1.0
   761.0	     1.3
   762.0	     0.5
   763.0	    15.6
   764.0	     5.2
   765.0	     3.9
   766.0	     7.9
   767.0	    10.1
   768.0	     0.0
   769.0	    10.3
   770.0	     1.9
   771.0	    16.6
   772.0	     5.5
   773.0	    11.2
   774.0	    18.3
   775.0	     8.4
   776.0	    15.3
   777.0	    27.8
   778.0	    16.7
   779.0	    14.3
   780.0	    22.2
   781.0	    12.0
   782.0	     5.7
   783.0	    23.8
   784.0	     5.8
   785.0	    14.9
   786.0	    18.5
   787.0	     2.3
   788.0	     8.1
   789.0	    19.3
   790.0	    14.5
   791.0	    20.1
   792.0	    19.2
   793.0	    32.2
   794.0	    26.2
   795.0	    31.6
   796.0	     9.8
   797.0	    55.9
   798.0	    35.5
   799.0	    47.2
   800.0	    31.5
   801.0	    33.5
   802.0	    37.2
   803.0	    65.0
   804.0	    26.3
   805.0	    68.8
   806.0	    73.7
   807.0	    58.8
   808.0	    44.3
   809.0	    43.6
   810.0	    38.8
   811.0	    23.2
   812.0	    47.8
   813.0	    56.4
   814.0	    38.1
   815.0	    29.9
   816.0	    36.4
   817.0	    57.9
   818.0	    96.2
   819.0	    26.4
   820.0	    21.2
   821.0	    40.0
   822.0	    50.0
   823.0	    45.0
   824.0	    36.7
   825.0	    25.6
   826.0	    28.9
   827.0	    28.4
   828.0	    34.9
   829.0	    22.4
   830.0	    25.4
   831.0	    34.5
   832.0	    53.1
   833.0	    36.4
   834.0	    28.0
   835.0	    31.5
   836.0	    26.1
   837.0	    31.6
   838.0	    10.9
   839.0	    25.8
   840.0	    32.8
   841.0	    20.7
   842.0	     3.7
   843.0	    20.2
   844.0	    19.6
   845.0	    35.0
   846.0	    31.4
   847.0	    26.1
   848.0	    14.9
   849.0	    27.5
   850.0	    25.1
   851.0	    30.6
   852.0	    19.2
   853.0	    26.6
   854.0	     4.5
   855.0	    19.4
   856.0	    29.4
   857.0	    10.8
   858.0	    20.6
   859.0	    25.9
   860.0	     5.2
   861.0	     8.9
   862.0	     7.9
   863.0	     9.1
   864.0	    21.5
   865.0	     4.2
   866.0	     5.7
   867.0	     9.2
   868.0	     1.7
   869.0	     1.8
   870.0	     2.5
   871.0	     4.8
   872.0	     4.4
   873.0	    18.9
   874.0	     4.4
   875.0	     0.3
   876.0	     0.0
   877.0	     0.9
   878.0	    16.1
   879.0	    13.0
   880.0	     1.5
   881.0	     5.6
   882.0	     8.0
   883.0	     2.1
   884.0	     0.0
   885.0	     0.4
   886.0	     0.0
   887.0	     0.0
   888.0	     0.0
   889.0	     0.0
   890.0	     0.6
   891.0	     0.0
   892.0	     0.0
   893.0	     0.0
   894.0	     0.5
   895.0	     0.0
   896.0	     0.0
   897.0	     0.0
   898.0	     0.0
   899.0	    20.4
   900.0	    21.7
   901.0	    10.8
   902.0	     0.0
   903.0	    19.4
   904.0	     2.8
   905.0	     0.0
   906.0	     0.0
   907.0	     1.4
   908.0	    20.5
   909.0	    25.2
   910.0	     0.0
   911.0	     0.9
   912.0	     5.0
   913.0	    15.5
   914.0	    22.4
   915.0	     3.8
   916.0	    15.5
   917.0	    15.4
   918.0	    30.9
   919.0	    25.7
   920.0	    15.7
   921.0	    15.6
   922.0	    11.7
   923.0	    22.0
   924.0	    17.7
   925.0	    18.2
   926.0	    36.7
   927.0	    24.0
   928.0	    32.4
   929.0	    37.1
   930.0	    52.5
   931.0	    39.6
   932.0	    18.9
   933.0	    50.6
   934.0	    39.5
   935.0	    68.1
   936.0	    34.6
   937.0	    47.4
   938.0	    57.8
   939.0	    46.0
   940.0	    56.3
   941.0	    56.7
   942.0	    42.3
   943.0	    53.7
   944.0	    49.6
   945.0	    56.1
   946.0	    48.3
   947.0	    46.1
   948.0	    52.8
   949.0	    64.4
   950.0	    65.0
   951.0	    61.1
   952.0	    89.1
   953.0	    98.0
   954.0	    54.2
   955.0	    76.5
   956.0	    50.4
   957.0	    54.7
   958.0	    57.0
   959.0	    46.9
   960.0	    43.0
   961.0	    49.4
   962.0	    72.3
   963.0	    95.0
   964.0	    67.4
   965.0	    73.9
   966.0	    90.9
   967.0	    77.6
   968.0	    52.8
   969.0	    57.2
   970.0	    67.6
   971.0	    56.5
   972.0	    52.2
   973.0	    72.1
   974.0	    84.7
   975.0	   106.3
   976.0	    66.3
   977.0	    65.1
   978.0	    43.9
   979.0	    50.7
   980.0	    62.1
   981.0	    84.4
   982.0	    81.3
   983.0	    82.2
   984.0	    47.5
   985.0	    50.1
   986.0	    93.4
   987.0	    54.5
   988.0	    38.1
   989.0	    33.4
   990.0	    45.2
   991.0	    55.0
   992.0	    37.9
   993.0	    46.3
   994.0	    43.5
   995.0	    28.9
   996.0	    30.9
   997.0	    55.6
   998.0	    55.1
   999.0	    26.9
  1000.0	    41.3
  1001.0	    26.7
  1002.0	    14.0
  1003.0	     8.9
  1004.0	     8.2
  1005.0	    21.1
  1006.0	    14.3
  1007.0	    27.5
  1008.0	    11.3
  1009.0	    15.0
  1010.0	    11.8
  1011.0	     2.8
  1012.0	    12.9
  1013.0	     1.0
  1014.0	     7.0
  1015.0	     5.7
  1016.0	    11.6
  1017.0	     7.5
  1018.0	     5.9
  1019.0	     9.9
  1020.0	     4.9
  1021.0	    18.1
  1022.0	     3.9
  1023.0	     1.4
  1024.0	     8.8
  1025.0	     7.8
  1026.0	     8.7
  1027.0	     4.0
  1028.0	    11.5
  1029.0	    24.8
  1030.0	    30.5
  1031.0	    34.5
  1032.0	     7.5
  1033.0	    24.5
  1034.0	    19.7
  1035.0	    61.5
  1036.0	    43.6
  1037.0	    33.2
  1038.0	    59.8
  1039.0	    59.0
  1040.0	   100.8
  1041.0	    95.2
  1042.0	   100.0
  1043.0	    77.5
  1044.0	    88.6
  1045.0	   107.6
  1046.0	    98.2
  1047.0	   142.9
  1048.0	   111.4
  1049.0	   124.7
  1050.0	   116.7
  1051.0	   107.8
  1052.0	    95.1
  1053.0	   137.4
  1054.0	   120.9
  1055.0	   206.3
  1056.0	   188.0
  1057.0	   175.6
  1058.0	   134.6
  1059.0	   138.2
  1060.0	   111.7
  1061.0	   158.0
  1062.0	   162.8
  1063.0	   134.0
  1064.0	    96.3
  1065.0	   123.7
  1066.0	   107.0
  1067.0	   129.8
  1068.0	   144.9
  1069.0	    84.8
  1070.0	   140.8
  1071.0	   126.6
  1072.0	   137.6
  1073.0	    94.5
  1074.0	   108.2
  1075.0	    78.8
  1076.0	    73.6
  1077.0	    90.8
  1078.0	    77.4
  1079.0	    79.8
  1080.0	   105.6
  1081.0	   102.5
  1082.0	    77.7
  1083.0	    61.8
  1084.0	    53.8
  1085.0	    54.7
  1086.0	    84.8
  1087.0	   131.2
  1088.0	   132.7
  1089.0	    90.9
  1090.0	    68.8
  1091.0	    63.7
  1092.0	    81.2
  1093.0	    87.7
  1094.0	    67.8
  1095.0	    65.9
  1096.0	    69.2
  1097.0	    48.5
  1098.0	    60.7
  1099.0	    57.8
  1100.0	    74.0
  1101.0	    55.1
  1102.0	    54.3
  1103.0	    53.7
  1104.0	    24.1
  1105.0	    29.9
  1106.0	    29.7
  1107.0	    40.2
  1108.0	    67.5
  1109.0	    55.7
  1110.0	    30.9
  1111.0	    39.3
  1112.0	    36.5
  1113.0	    28.5
  1114.0	    19.8
  1115.0	    38.8
  1116.0	    20.4
  1117.0	    22.1
  1118.0	    21.7
  1119.0	    26.9
  1120.0	    24.9
  1121.0	    20.5
  1122.0	    12.6
  1123.0	    26.6
  1124.0	    18.4
  1125.0	    38.1
  1126.0	    40.5
  1127.0	    17.6
  1128.0	    13.3
  1129.0	     3.5
  1130.0	     8.3
  1131.0	     9.5
  1132.0	    21.1
  1133.0	    10.5
  1134.0	     9.5
  1135.0	    11.8
  1136.0	     4.2
  1137.0	     5.3
  1138.0	    19.1
  1139.0	    12.7
  1140.0	     9.5
  1141.0	    14.7
  1142.0	    13.6
  1143.0	    20.8
  1144.0	    11.6
  1145.0	     3.7
  1146.0	    21.2
  1147.0	    23.9
  1148.0	     7.0
  1149.0	    21.5
  1150.0	    10.8
  1151.0	    21.6
  1152.0	    25.7
  1153.0	    43.6
  1154.0	    43.3
  1155.0	    57.0
  1156.0	    47.8
  1157.0	    31.1
  1158.0	    30.6
  1159.0	    32.3
  1160.0	    29.6
  1161.0	    40.7
  1162.0	    39.4
  1163.0	    59.7
  1164.0	    38.7
  1165.0	    51.0
  1166.0	    63.9
  1167.0	    69.3
  1168.0	    60.0
  1169.0	    65.1
  1170.0	    46.5
  1171.0	    54.8
  1172.0	   107.1
  1173.0	    55.9
  1174.0	    60.4
  1175.0	    65.5
  1176.0	    62.6
  1177.0	    44.9
  1178.0	    85.7
  1179.0	    44.8
  1180.0	    75.5
  1181.0	    85.3
  1182.0	    52.2
  1183.0	   140.6
  1184.0	   160.9
  1185.0	   180.4
  1186.0	   138.9
  1187.0	   109.6
  1188.0	   159.1
  1189.0	   111.8
  1190.0	   108.6
  1191.0	   107.1
  1192.0	   102.2
  1193.0	   129.0
  1194.0	   139.2
  1195.0	   132.6
  1196.0	   100.3
  1197.0	   132.4
  1198.0	   114.6
  1199.0	   159.5
  1200.0	   157.0
  1201.0	   131.8
  1202.0	    96.2
  1203.0	   102.5
  1204.0	    80.6
  1205.0	    81.1
  1206.0	    78.0
  1207.0	    67.7
  1208.0	    93.7
  1209.0	    71.5
  1210.0	    99.0
  1211.0	    97.0
  1212.0	    78.0
  1213.0	    89.4
  1214.0	    82.6
  1215.0	    44.1
  1216.0	    61.6
  1217.0	    70.0
  1218.0	    39.1
  1219.0	    61.6
  1220.0	    86.2
  1221.0	    71.0
  1222.0	    54.8
  1223.0	    61.0
  1224.0	    75.5
  1225.0	   105.4
  1226.0	    64.6
  1227.0	    56.5
  1228.0	    62.6
  1229.0	    63.2
  1230.0	    36.1
  1231.0	    57.4
  1232.0	    67.9
  1233.0	    62.5
  1234.0	    51.0
  1235.0	    71.4
  1236.0	    68.4
  1237.0	    66.4
  1238.0	    61.2
  1239.0	    65.4
  1240.0	    54.9
  1241.0	    46.9
  1242.0	    42.1
  1243.0	    39.7
  1244.0	    37.5
  1245.0	    67.3
  1246.0	    54.3
  1247.0	    45.4
  1248.0	    41.1
  1249.0	    42.9
  1250.0	    37.7
  1251.0	    47.6
  1252.0	    34.7
  1253.0	    40.0
  1254.0	    45.9
  1255.0	    50.5
  1256.0	    33.5
  1257.0	    42.4
  1258.0	    28.8
  1259.0	    23.4
  1260.0	    15.4
  1261.0	    20.0
  1262.0	    20.7
  1263.0	    26.5
  1264.0	    24.0
  1265.0	    21.1
  1266.0	    18.7
  1267.0	    15.8
  1268.0	    22.4
  1269.0	    12.6
  1270.0	    28.2
  1271.0	    21.6
  1272.0	    12.3
  1273.0	    11.4
  1274.0	    17.4
  1275.0	     4.4
  1276.0	     9.1
  1277.0	     5.3
  1278.0	     0.4
  1279.0	     3.1
  1280.0	     0.0
  1281.0	     9.6
  1282.0	     4.2
  1283.0	     3.1
  1284.0	     0.5
  1285.0	     4.9
  1286.0	     0.4
  1287.0	     6.5
  1288.0	     0.0
  1289.0	     5.2
  1290.0	     4.6
  1291.0	     5.9
  1292.0	     4.4
  1293.0	     4.5
  1294.0	     7.7
  1295.0	     7.2
  1296.0	    13.7
  1297.0	     7.4
  1298.0	     5.2
  1299.0	    11.1
  1300.0	    28.5
  1301.0	    16.0
  1302.0	    22.2
  1303.0	    16.9
  1304.0	    42.4
  1305.0	    40.6
  1306.0	    31.4
  1307.0	    37.2
  1308.0	    39.0
  1309.0	    34.9
  1310.0	    57.5
  1311.0	    38.3
  1312.0	    41.4
  1313.0	    44.5
  1314.0	    56.7
  1315.0	    55.3
  1316.0	    80.1
  1317.0	    91.2
  1318.0	    51.9
  1319.0	    66.9
  1320.0	    83.7
  1321.0	    87.6
  1322.0	    90.3
  1323.0	    85.7
  1324.0	    91.0
  1325.0	    87.1
  1326.0	    95.2
  1327.0	   106.8
  1328.0	   105.8
  1329.0	   114.6
  1330.0	    97.2
  1331.0	    81.0
  1332.0	    82.4
  1333.0	    88.3
  1334.0	    98.9
  1335.0	    71.4
  1336.0	   107.1
  1337.0	   108.6
  1338.0	   116.7
  1339.0	   100.3
  1340.0	    92.2
  1341.0	    90.1
  1342.0	    97.9
  1343.0	    95.6
  1344.0	    62.3
  1345.0	    77.7
  1346.0	   101.0
  1347.0	    98.5
  1348.0	    56.8
  1349.0	    88.1
  1350.0	    78.0
  1351.0	    82.5
  1352.0	    79.9
  1353.0	    67.2
  1354.0	    53.7
  1355.0	    80.5
  1356.0	    63.1
  1357.0	    64.5
  1358.0	    43.6
  1359.0	    53.7
  1360.0	    64.4
  1361.0	    84.0
  1362.0	    73.4
  1363.0	    62.5
  1364.0	    66.6
  1365.0	    41.9
  1366.0	    50.6
  1367.0	    40.9
  1368.0	    48.3
  1369.0	    56.7
  1370.0	    66.4
  1371.0	    40.6
  1372.0	    53.8
  1373.0	    40.8
  1374.0	    32.7
  1375.0	    48.1
  1376.0	    22.0
  1377.0	    39.9
  1378.0	    37.7
  1379.0	    41.2
  1380.0	    57.7
  1381.0	    47.1
  1382.0	    66.3
  1383.0	    35.8
  1384.0	    40.6
  1385.0	    57.8
  1386.0	    54.7
  1387.0	    54.8
  1388.0	    28.5
  1389.0	    33.9
  1390.0	    57.6
  1391.0	    28.6
  1392.0	    48.7
  1393.0	    39.3
  1394.0	    39.5
  1395.0	    29.4
  1396.0	    34.5
  1397.0	    33.6
  1398.0	    26.8
  1399.0	    37.8
  1400.0	    21.6
  1401.0	    17.1
  1402.0	    24.6
  1403.0	    12.8
  1404.0	    31.6
  1405.0	    38.4
  1406.0	    24.5
  1407.0	    17.6
  1408.0	    12.9
  1409.0	    16.5
  1410.0	     9.3
  1411.0	    12.7
  1412.0	     7.3
  1413.0	    14.1
  1414.0	     9.0
  1415.0	     1.5
  1416.0	     0.0
  1417.0	     0.7
  1418.0	     9.2
  1419.0	     5.1
  1420.0	     2.9
  1421.0	     1.5
  1422.0	     5.0
  1423.0	     4.8
  1424.0	     9.8
  1425.0	    13.5
  1426.0	     9.6
  1427.0	    25.2
  1428.0	    15.5
  1429.0	    15.7
  1430.0	    26.5
  1431.0	    36.6
  1432.0	    26.7
  1433.0	    31.1
  1434.0	    29.0
  1435.0	    34.4
  1436.0	    47.2
  1437.0	    61.6
  1438.0	    59.1
  1439.0	    67.6
  1440.0	    60.9
  1441.0	    59.9
  1442.0	    52.7
  1443.0	    41.0
  1444.0	   103.9
  1445.0	   108.4
  1446.0	    59.2
  1447.0	    79.6
  1448.0	    80.6
  1449.0	    59.3
  1450.0	    78.1
  1451.0	   104.4
  1452.0	    77.3
  1453.0	   114.9
  1454.0	   157.5
  1455.0	   160.0
  1456.0	   176.0
  1457.0	   135.6
  1458.0	   132.4
  1459.0	   153.8
  1460.0	   136.0
  1461.0	   146.4
  1462.0	   147.5
  1463.0	   130.0
  1464.0	    88.3
  1465.0	   125.3
  1466.0	   143.2
  1467.0	   162.4
  1468.0	   145.5
  1469.0	    91.7
  1470.0	   103.0
  1471.0	   110.1
  1472.0	    80.3
  1473.0	    89.0
  1474.0	   105.4
  1475.0	    90.4
  1476.0	    79.5
  1477.0	   120.1
  1478.0	    88.4
  1479.0	   102.1
  1480.0	   107.6
  1481.0	   109.9
  1482.0	   105.5
  1483.0	    92.9
  1484.0	   114.6
  1485.0	   102.6
  1486.0	   112.0
  1487.0	    83.9
  1488.0	    86.7
  1489.0	   107.0
  1490.0	    98.3
  1491.0	    76.2
  1492.0	    47.9
  1493.0	    44.8
  1494.0	    66.9
  1495.0	    68.2
  1496.0	    47.1
  1497.0	    47.1
  1498.0	    55.4
  1499.0	    49.2
  1500.0	    60.8
  1501.0	    64.2
  1502.0	    46.4
  1503.0	    32.0
  1504.0	    44.6
  1505.0	    38.2
  1506.0	    67.8
  1507.0	    61.3
  1508.0	    28.0
  1509.0	    34.3
  1510.0	    28.9
  1511.0	    29.3
  1512.0	    14.6
  1513.0	    21.5
  1514.0	    33.8
  1515.0	    29.1
  1516.0	    11.5
  1517.0	    23.9
  1518.0	    12.5
  1519.0	    14.6
  1520.0	     2.4
  1521.0	    12.7
  1522.0	    17.7
  1523.0	     9.9
  1524.0	    14.3
  1525.0	    15.0
  1526.0	    30.6
  1527.0	     2.3
  1528.0	     5.1
  1529.0	     1.6
  1530.0	    15.2
  1531.0	     8.8
  1532.0	     9.9
  1533.0	    14.3
  1534.0	     9.9
  1535.0	     8.2
  1536.0	    24.4
  1537.0	     8.7
  1538.0	    11.9
  1539.0	    15.8
  1540.0	    21.6
  1541.0	    14.2
  1542.0	     6.0
  1543.0	     6.3
  1544.0	    16.9
  1545.0	     6.7
  1546.0	    14.2
  1547.0	     2.2
  1548.0	     3.3
  1549.0	     6.6
  1550.0	     7.8
  1551.0	     0.1
  1552.0	     5.9
  1553.0	     6.4
  1554.0	     0.1
  1555.0	     0.0
  1556.0	     5.3
  1557.0	     1.1
  1558.0	     4.1
  1559.0	     0.5
  1560.0	     1.0
  1561.0	     0.6
  1562.0	     0.0
  1563.0	     6.2
  1564.0	     2.4
  1565.0	     4.8
  1566.0	     7.5
  1567.0	    10.7
  1568.0	     6.1
  1569.0	    12.3
  1570.0	    13.1
  1571.0	     7.3
  1572.0	    24.0
  1573.0	    27.2
  1574.0	    19.3
  1575.0	    19.5
  1576.0	    23.5
  1577.0	    34.1
  1578.0	    21.9
  1579.0	    48.1
  1580.0	    66.0
  1581.0	    43.0
  1582.0	    30.7
  1583.0	    29.6
  1584.0	    36.4
  1585.0	    53.2
  1586.0	    51.5
  1587.0	    51.6
  1588.0	    43.5
  1589.0	    60.5
  1590.0	    76.9
  1591.0	    58.4
  1592.0	    53.2
  1593.0	    64.4
  1594.0	    54.8
  1595.0	    47.3
  1596.0	    45.0
  1597.0	    69.5
  1598.0	    66.8
  1599.0	    95.8
  1600.0	    64.1
  1601.0	    45.2
  1602.0	    45.4
  1603.0	    40.4
  1604.0	    57.7
  1605.0	    59.2
  1606.0	    84.4
  1607.0	    41.8
  1608.0	    60.6
  1609.0	    46.9
  1610.0	    42.8
  1611.0	    82.1
  1612.0	    31.5
  1613.0	    76.3
  1614.0	    80.6
  1615.0	    46.0
  1616.0	    52.6
  1617.0	    83.8
  1618.0	    84.5
  1619.0	    75.9
  1620.0	    91.5
  1621.0	    86.9
  1622.0	    87.5
  1623.0	    76.1
  1624.0	    66.5
  1625.0	    51.2
  1626.0	    53.1
  1627.0	    55.8
  1628.0	    61.9
  1629.0	    47.8
  1630.0	    36.6
  1631.0	    47.2
  1632.0	    42.8
  1633.0	    71.8
  1634.0	    49.8
  1635.0	    55.0
  1636.0	    73.0
  1637.0	    83.7
  1638.0	    66.5
  1639.0	    50.0
  1640.0	    39.6
  1641.0	    38.7
  1642.0	    30.9
  1643.0	    21.7
  1644.0	    29.9
  1645.0	    25.9
  1646.0	    57.3
  1647.0	    43.7
  1648.0	    30.7
  1649.0	    27.1
  1650.0	    30.3
  1651.0	    16.9
  1652.0	    21.4
  1653.0	     8.6
  1654.0	     0.3
  1655.0	    13.0
  1656.0	    10.3
  1657.0	    13.2
  1658.0	     4.2
  1659.0	     6.9
  1660.0	    20.0
  1661.0	    15.7
  1662.0	    23.4
  1663.0	    21.4
  1664.0	     7.4
  1665.0	     6.6
  1666.0	     6.9
  1667.0	    20.7
  1668.0	    12.7
  1669.0	     7.1
  1670.0	     7.8
  1671.0	     5.1
  1672.0	     7.0
  1673.0	     7.1
  1674.0	     3.1
  1675.0	     2.8
  1676.0	     8.8
  1677.0	     2.1
  1678.0	    10.7
  1679.0	     6.7
  1680.0	     0.8
  1681.0	     8.5
  1682.0	     6.7
  1683.0	     4.3
  1684.0	     2.4
  1685.0	     6.4
  1686.0	     9.4
  1687.0	    20.6
  1688.0	     6.5
  1689.0	     2.1
  1690.0	     0.2
  1691.0	     6.7
  1692.0	     5.3
  1693.0	     0.6
  1694.0	     5.1
  1695.0	     1.6
  1696.0	     4.8
  1697.0	     1.3
  1698.0	    11.6
  1699.0	     8.5
  1700.0	    17.2
  1701.0	    11.2
  1702.0	     9.6
  1703.0	     7.8
  1704.0	    13.5
  1705.0	    22.2
  1706.0	    10.4
  1707.0	    20.5
  1708.0	    41.1
  1709.0	    48.3
  1710.0	    58.8
  1711.0	    33.0
  1712.0	    53.8
  1713.0	    51.5
  1714.0	    41.9
  1715.0	    32.5
  1716.0	    69.1
  1717.0	    75.6
  1718.0	    49.9
  1719.0	    69.6
  1720.0	    79.6
  1721.0	    76.3
  1722.0	    76.5
  1723.0	   101.4
  1724.0	    62.8
  1725.0	    70.5
  1726.0	    65.4
  1727.0	    78.6
  1728.0	    75.0
  1729.0	    73.0
  1730.0	    65.7
  1731.0	    88.1
  1732.0	    84.7
  1733.0	    89.9
  1734.0	    88.6
  1735.0	   129.2
  1736.0	    77.9
  1737.0	    80.0
  1738.0	    75.1
  1739.0	    93.8
  1740.0	    83.2
  1741.0	    84.6
  1742.0	    52.3
  1743.0	    81.6
  1744.0	   101.2
  1745.0	    98.9
  1746.0	   106.0
  1747.0	    70.3
  1748.0	    65.9
  1749.0	    75.5
  1750.0	    56.6
  1751.0	    60.0
  1752.0	    63.3
  1753.0	    67.2
  1754.0	    61.0
  1755.0	    76.9
  1756.0	    67.5
  1757.0	    71.5
  1758.0	    47.8
  1759.0	    68.9
  1760.0	    57.7
  1761.0	    67.9
  1762.0	    47.2
  1763.0	    70.7
  1764.0	    29.0
  1765.0	    57.4
  1766.0	    52.0
  1767.0	    43.8
  1768.0	    27.7
  1769.0	    49.0
  1770.0	    45.0
  1771.0	    27.2
  1772.0	    61.3
  1773.0	    28.7
  1774.0	    38.0
  1775.0	    42.6
  1776.0	    40.6
  1777.0	    29.4
  1778.0	    29.1
  1779.0	    31.0
  1780.0	    20.0
  1781.0	    11.3
  1782.0	    27.6
  1783.0	    21.8
  1784.0	    48.1
  1785.0	    14.3
  1786.0	     8.4
  1787.0	    33.3
  1788.0	    30.2
  1789.0	    36.4
  1790.0	    38.3
  1791.0	    14.5
  1792.0	    25.8
  1793.0	    22.3
  1794.0	     9.0
  1795.0	    31.4
  1796.0	    34.8
  1797.0	    34.4
  1798.0	    30.9
  1799.0	    12.6
  1800.0	    19.5
  1801.0	     9.2
  1802.0	    18.1
  1803.0	    14.2
  1804.0	     7.7
  1805.0	    20.5
  1806.0	    13.5
  1807.0	     2.9
  1808.0	     8.4
  1809.0	    13.0
  1810.0	     7.8
  1811.0	    10.5
  1812.0	     9.4
  1813.0	    13.6
  1814.0	     8.6
  1815.0	    16.0
  1816.0	    15.2
  1817.0	    12.1
  1818.0	     8.3
  1819.0	     4.3
  1820.0	     8.3
  1821.0	    12.9
  1822.0	     4.5
  1823.0	     0.3
  1824.0	     0.2
  1825.0	     2.4
  1826.0	     4.5
  1827.0	     0.0
  1828.0	    10.2
  1829.0	     5.8
  1830.0	     0.7
  1831.0	     1.0
  1832.0	     0.6
  1833.0	     3.7
  1834.0	     3.8
  1835.0	     0.0
  1836.0	     5.5
  1837.0	     0.0
  1838.0	    12.4
  1839.0	     0.0
  1840.0	     2.8
  1841.0	     1.4
  1842.0	     0.9
  1843.0	     2.3
  1844.0	     7.6
  1845.0	    16.3
  1846.0	    10.3
  1847.0	     1.1
  1848.0	     8.3
  1849.0	    17.0
  1850.0	    13.5
  1851.0	    26.1
  1852.0	    14.6
  1853.0	    16.3
  1854.0	    27.9
  1855.0	    28.8
  1856.0	    11.1
  1857.0	    38.9
  1858.0	    44.5
  1859.0	    45.6
  1860.0	    31.6
  1861.0	    24.5
  1862.0	    37.2
  1863.0	    43.0
  1864.0	    39.5
  1865.0	    41.9
  1866.0	    50.6
  1867.0	    58.2
  1868.0	    30.1
  1869.0	    54.2
  1870.0	    38.0
  1871.0	    54.6
  1872.0	    54.8
  1873.0	    85.8
  1874.0	    56.5
  1875.0	    39.3
  1876.0	    48.0
  1877.0	    49.0
  1878.0	    73.0
  1879.0	    58.8
  1880.0	    55.0
  1881.0	    78.7
  1882.0	   107.2
  1883.0	    55.5
  1884.0	    45.5
  1885.0	    31.3
  1886.0	    64.5
  1887.0	    55.3
  1888.0	    57.7
  1889.0	    63.2
  1890.0	   103.6
  1891.0	    47.7
  1892.0	    56.1
  1893.0	    17.8
  1894.0	    38.9
  1895.0	    64.7
  1896.0	    76.4
  1897.0	   108.2
  1898.0	    60.7
  1899.0	    52.6
  1900.0	    42.9
  1901.0	    40.4
  1902.0	    49.7
  1903.0	    54.3
  1904.0	    85.0
  1905.0	    65.4
  1906.0	    61.5
  1907.0	    47.3
  1908.0	    39.2
  1909.0	    33.9
  1910.0	    28.7
  1911.0	    57.6
  1912.0	    40.8
  1913.0	    48.1
  1914.0	    39.5
  1915.0	    90.5
  1916.0	    86.9
  1917.0	    32.3
  1918.0	    45.5
  1919.0	    39.5
  1920.0	    56.7
  1921.0	    46.6
  1922.0	    66.3
  1923.0	    32.3
  1924.0	    36.0
  1925.0	    22.6
  1926.0	    35.8
  1927.0	    23.1
  1928.0	    38.8
  1929.0	    58.4
  1930.0	    55.8
  1931.0	    54.2
  1932.0	    26.4
  1933.0	    31.5
  1934.0	    21.4
  1935.0	     8.4
  1936.0	    22.2
  1937.0	    12.3
  1938.0	    14.1
  1939.0	    11.5
  1940.0	    26.2
  1941.0	    38.3
  1942.0	     4.9
  1943.0	     5.8
  1944.0	     3.4
  1945.0	     9.0
  1946.0	     7.8
  1947.0	    16.5
  1948.0	     9.0
  1949.0	     2.2
  1950.0	     3.5
  1951.0	     4.0
  1952.0	     4.0
  1953.0	     2.6
  1954.0	     4.2
  1955.0	     2.2
  1956.0	     0.3
  1957.0	     0.0
  1958.0	     4.9
  1959.0	     4.5
  1960.0	     4.4
  1961.0	     4.1
  1962.0	     3.0
  1963.0	     0.3
  1964.0	     9.5
  1965.0	     4.6
  1966.0	     1.1
  1967.0	     6.4
  1968.0	     2.3
  1969.0	     2.9
  1970.0	     0.5
  1971.0	     0.9
  1972.0	     0.0
  1973.0	     0.0
  1974.0	     1.7
  1975.0	     0.2
  1976.0	     1.2
  1977.0	     3.1
  1978.0	     0.7
  1979.0	     3.8
  1980.0	     2.8
  1981.0	     2.6
  1982.0	     3.1
  1983.0	    17.3
  1984.0	     5.2
  1985.0	    11.4
  1986.0	     5.4
  1987.0	     7.7
  1988.0	    12.7
  1989.0	     8.2
  1990.0	    16.4
  1991.0	    22.3
  1992.0	    23.0
  1993.0	    42.3
  1994.0	    38.8
  1995.0	    41.3
  1996.0	    33.0
  1997.0	    68.8
  1998.0	    71.6
  1999.0	    69.6
  2000.0	    49.5
  2001.0	    53.5
  2002.0	    42.5
  2003.0	    34.5
  2004.0	    45.3
  2005.0	    55.4
  2006.0	    67.0
  2007.0	    71.8
  2008.0	    74.5
  2009.0	    67.7
  2010.0	    53.5
  2011.0	    35.2
  2012.0	    45.1
  2013.0	    50.7
  2014.0	    65.6
  2015.0	    53.0
  2016.0	    74.7
  2017.0	    71.9
  2018.0	    94.8
  2019.0	    74.7
  2020.0	   114.1
  2021.0	   114.9
  2022.0	   119.8
  2023.0	   154.5
  2024.0	   129.4
  2025.0	    72.2
  2026.0	    96.4
  2027.0	   129.3
  2028.0	    96.0
  2029.0	    65.3
  2030.0	    72.2
  2031.0	    80.5
  2032.0	    76.7
  2033.0	    59.4
  2034.0	   107.6
  2035.0	   101.7
  2036.0	    79.9
  2037.0	    85.0
  2038.0	    83.4
  2039.0	    59.2
  2040.0	    48.1
  2041.0	    79.5
  2042.0	    66.5
  2043.0	    51.8
  2044.0	    88.1
  2045.0	   111.2
  2046.0	    64.7
  2047.0	    69.0
  2048.0	    54.7
  2049.0	    52.8
  2050.0	    42.0
  2051.0	    34.9
  2052.0	    51.1
  2053.0	    53.9
  2054.0	    70.2
  2055.0	    14.8
  2056.0	    33.3
  2057.0	    38.7
  2058.0	    27.5
  2059.0	    19.2
  2060.0	    36.3
  2061.0	    49.6
  2062.0	    27.2
  2063.0	    29.9
  2064.0	    31.5
  2065.0	    28.3
  2066.0	    26.7
  2067.0	    32.4
  2068.0	    22.2
  2069.0	    33.7
  2070.0	    41.9
  2071.0	    22.8
  2072.0	    17.8
  2073.0	    18.2
  2074.0	    17.8
  2075.0	    20.3
  2076.0	    11.8
  2077.0	    26.4
  2078.0	    54.7
  2079.0	    11.0
  2080.0	     8.0
  2081.0	     5.8
  2082.0	    10.9
  2083.0	     6.5
  2084.0	     4.7
  2085.0	     6.2
  2086.0	     7.4
  2087.0	    17.5
  2088.0	     4.5
  2089.0	     1.5
  2090.0	     3.3
  2091.0	     6.1
  2092.0	     3.2
  2093.0	     9.1
  2094.0	     3.5
  2095.0	     0.5
  2096.0	    13.2
  2097.0	    11.6
  2098.0	    10.0
  2099.0	     2.8
  2100.0	     0.5
  2101.0	     5.1
  2102.0	     1.8
  2103.0	    11.3
  2104.0	    20.8
  2105.0	    24.0
  2106.0	    28.1
  2107.0	    19.3
  2108.0	    25.1
  2109.0	    25.6
  2110.0	    22.5
  2111.0	    16.5
  2112.0	     5.5
  2113.0	    23.2
  2114.0	    18.0
  2115.0	    31.7
  2116.0	    42.8
  2117.0	    47.5
  2118.0	    38.5
  2119.0	    37.9
  2120.0	    60.2
  2121.0	    69.2
  2122.0	    58.6
  2123.0	    98.6
  2124.0	    71.8
  2125.0	    69.9
  2126.0	    62.5
  2127.0	    38.5
  2128.0	    64.3
  2129.0	    73.5
  2130.0	    52.3
  2131.0	    61.6
  2132.0	    60.8
  2133.0	    71.5
  2134.0	    60.5
  2135.0	    79.4
  2136.0	    81.6
  2137.0	    93.0
  2138.0	    69.6
  2139.0	    93.5
  2140.0	    79.1
  2141.0	    59.1
  2142.0	    54.9
  2143.0	    53.8
  2144.0	    68.4
  2145.0	    63.1
  2146.0	    67.2
  2147.0	    45.2
  2148.0	    83.5
  2149.0	    73.5
  2150.0	    85.5
  2151.0	    80.6
  2152.0	    77.0
  2153.0	    91.4
  2154.0	    98.0
  2155.0	    83.8
  2156.0	    89.7
  2157.0	    61.4
  2158.0	    50.3
  2159.0	    59.0
  2160.0	    68.9
  2161.0	    62.8
  2162.0	    50.2
  2163.0	    52.8
  2164.0	    58.2
  2165.0	    71.9
  2166.0	    70.2
  2167.0	    65.8
  2168.0	    34.4
  2169.0	    54.0
  2170.0	    81.1
  2171.0	   108.0
  2172.0	    65.3
  2173.0	    49.9
  2174.0	    35.0
  2175.0	    38.2
  2176.0	    36.8
  2177.0	    28.8
  2178.0	    21.9
  2179.0	    24.9
  2180.0	    32.1
  2181.0	    34.4
  2182.0	    35.6
  2183.0	    25.8
  2184.0	    14.6
  2185.0	    43.1
  2186.0	    30.0
  2187.0	    31.2
  2188.0	    24.6
  2189.0	    15.3
  2190.0	    17.4
  2191.0	    13.0
  2192.0	    19.0
  2193.0	    10.0
  2194.0	    18.7
  2195.0	    17.8
  2196.0	    12.1
  2197.0	    10.6
  2198.0	    11.2
  2199.0	    11.2
  2200.0	    17.9
  2201.0	    22.2
  2202.0	     9.6
  2203.0	     6.8
  2204.0	     4.0
  2205.0	     8.9
  2206.0	     8.2
  2207.0	    11.0
  2208.0	    12.3
  2209.0	    22.2
  2210.0	    10.1
  2211.0	     2.9
  2212.0	     3.2
  2213.0	     5.2
  2214.0	     2.8
  2215.0	     0.2
  2216.0	     5.1
  2217.0	     3.0
  2218.0	     0.6
  2219.0	     0.3
  2220.0	     3.4
  2221.0	     7.8
  2222.0	     4.3
  2223.0	    11.3
  2224.0	    19.7
  2225.0	     6.7
  2226.0	     9.3
  2227.0	     8.3
  2228.0	     4.0
  2229.0	     5.7
  2230.0	     8.7
  2231.0	    15.4
  2232.0	    18.6
  2233.0	    20.5
  2234.0	    23.1
  2235.0	    12.2
  2236.0	    27.3
  2237.0	    45.7
  2238.0	    33.9
  2239.0	    30.1
  2240.0	    42.1
  2241.0	    53.2
  2242.0	    64.2
  2243.0	    61.5
  2244.0	    62.8
  2245.0	    74.3
  2246.0	    77.1
  2247.0	    74.9
  2248.0	    54.6
  2249.0	    70.0
  2250.0	    52.3
  2251.0	    87.0
  2252.0	    76.0
  2253.0	    89.0
  2254.0	   115.4
  2255.0	   123.4
  2256.0	   132.5
  2257.0	   128.5
  2258.0	    83.9
  2259.0	   109.3
  2260.0	   116.7
  2261.0	   130.3
  2262.0	   145.1
  2263.0	   137.7
  2264.0	   100.7
  2265.0	   124.9
  2266.0	    74.4
  2267.0	    88.8
  2268.0	    98.4
  2269.0	   119.2
  2270.0	    86.5
  2271.0	   101.0
  2272.0	   127.4
  2273.0	    97.5
  2274.0	   165.3
  2275.0	   115.7
  2276.0	    89.6
  2277.0	    99.1
  2278.0	   122.2
  2279.0	    92.7
  2280.0	    80.3
  2281.0	    77.4
  2282.0	    64.6
  2283.0	   109.1
  2284.0	   118.3
  2285.0	   101.0
  2286.0	    97.6
  2287.0	   105.8
  2288.0	   112.6
  2289.0	    88.1
  2290.0	    68.1
  2291.0	    42.1
  2292.0	    50.5
  2293.0	    59.4
  2294.0	    83.3
  2295.0	    60.7
  2296.0	    54.4
  2297.0	    83.9
  2298.0	    67.5
  2299.0	   105.5
  2300.0	    66.5
  2301.0	    55.0
  2302.0	    58.4
  2303.0	    68.3
  2304.0	    45.6
  2305.0	    44.5
  2306.0	    46.4
  2307.0	    32.8
  2308.0	    29.5
  2309.0	    59.8
  2310.0	    66.9
  2311.0	    60.0
  2312.0	    65.9
  2313.0	    46.3
  2314.0	    38.4
  2315.0	    33.7
  2316.0	    35.6
  2317.0	    52.8
  2318.0	    54.2
  2319.0	    60.7
  2320.0	    25.0
  2321.0	    11.4
  2322.0	    17.7
  2323.0	    20.2
  2324.0	    17.2
  2325.0	    19.2
  2326.0	    30.7
  2327.0	    22.5
  2328.0	    12.5
  2329.0	    28.9
  2330.0	    27.4
  2331.0	    26.1
  2332.0	    14.1
  2333.0	     7.6
  2334.0	    13.2
  2335.0	    19.4
  2336.0	    10.0
  2337.0	     7.8
  2338.0	    10.2
  2339.0	    18.8
  2340.0	     3.7
  2341.0	     0.5
  2342.0	    11.0
  2343.0	     0.3
  2344.0	     2.5
  2345.0	     5.0
  2346.0	     5.0
  2347.0	    16.7
  2348.0	    14.3
  2349.0	    16.9
  2350.0	    10.8
  2351.0	    28.4
  2352.0	    18.5
  2353.0	    12.7
  2354.0	    21.5
  2355.0	    32.0
  2356.0	    30.6
  2357.0	    36.2
  2358.0	    42.6
  2359.0	    25.9
  2360.0	    34.9
  2361.0	    68.8
  2362.0	    46.0
  2363.0	    27.4
  2364.0	    47.6
  2365.0	    86.2
  2366.0	    76.6
  2367.0	    75.7
  2368.0	    84.9
  2369.0	    73.5
  2370.0	   116.2
  2371.0	   107.2
  2372.0	    94.4
  2373.0	   102.3
  2374.0	   123.8
  2375.0	   121.7
  2376.0	   115.7
  2377.0	   133.4
  2378.0	   129.8
  2379.0	   149.8
  2380.0	   201.3
  2381.0	   163.9
  2382.0	   157.9
  2383.0	   188.8
  2384.0	   169.4
  2385.0	   163.6
  2386.0	   128.0
  2387.0	   116.5
  2388.0	   108.5
  2389.0	    86.1
  2390.0	    94.8
  2391.0	   189.7
  2392.0	   174.0
  2393.0	   167.8
  2394.0	   142.2
  2395.0	   157.9
  2396.0	   143.3
  2397.0	   136.3
  2398.0	    95.8
  2399.0	   138.0
  2400.0	   119.1
  2401.0	   182.3
  2402.0	   157.5
  2403.0	   147.0
  2404.0	   106.2
  2405.0	   121.7
  2406.0	   125.8
  2407.0	   123.8
  2408.0	   145.3
  2409.0	   131.6
  2410.0	   143.5
  2411.0	   117.6
  2412.0	   101.6
  2413.0	    94.8
  2414.0	   109.7
  2415.0	   113.4
  2416.0	   106.2
  2417.0	    83.6
  2418.0	    91.0
  2419.0	    85.2
  2420.0	    51.3
  2421.0	    61.4
  2422.0	    54.8
  2423.0	    54.1
  2424.0	    59.9
  2425.0	    59.9
  2426.0	    55.9
  2427.0	    92.9
  2428.0	   108.5
  2429.0	   100.6
  2430.0	    61.5
  2431.0	    61.0
  2432.0	    83.1
  2433.0	    51.6
  2434.0	    52.4
  2435.0	    45.8
  2436.0	    40.7
  2437.0	    22.7
  2438.0	    22.0
  2439.0	    29.1
  2440.0	    23.4
  2441.0	    36.4
  2442.0	    39.3
  2443.0	    54.9
  2444.0	    28.2
  2445.0	    23.8
  2446.0	    22.1
  2447.0	    34.3
  2448.0	    26.5
  2449.0	     3.9
  2450.0	    10.0
  2451.0	    27.8
  2452.0	    12.5
  2453.0	    21.8
  2454.0	     8.6
  2455.0	    23.5
  2456.0	    19.3
  2457.0	     8.2
  2458.0	     1.6
  2459.0	     2.5
  2460.0	     0.2
  2461.0	     0.5
  2462.0	    10.9
  2463.0	     1.8
  2464.0	     0.8
  2465.0	     0.2
  2466.0	     4.8
  2467.0	     8.4
  2468.0	     1.5
  2469.0	     7.0
  2470.0	     9.2
  2471.0	     7.6
  2472.0	    23.1
  2473.0	    20.8
  2474.0	     4.9
  2475.0	    11.3
  2476.0	    28.9
  2477.0	    31.7
  2478.0	    26.7
  2479.0	    40.7
  2480.0	    42.7
  2481.0	    58.5
  2482.0	    89.2
  2483.0	    76.9
  2484.0	    73.6
  2485.0	   124.0
  2486.0	   118.4
  2487.0	   110.7
  2488.0	   136.6
  2489.0	   116.6
  2490.0	   129.1
  2491.0	   169.6
  2492.0	   173.2
  2493.0	   155.3
  2494.0	   201.3
  2495.0	   192.1
  2496.0	   165.0
  2497.0	   130.3
  2498.0	   157.4
  2499.0	   175.2
  2500.0	   164.6
  2501.0	   200.7
  2502.0	   187.2
  2503.0	   158.0
  2504.0	   235.8
  2505.0	   253.8
  2506.0	   210.9
  2507.0	   239.4
  2508.0	   202.5
  2509.0	   164.9
  2510.0	   190.7
  2511.0	   196.0
  2512.0	   175.3
  2513.0	   171.5
  2514.0	   191.4
  2515.0	   200.2
  2516.0	   201.2
  2517.0	   181.5
  2518.0	   152.3
  2519.0	   187.6
  2520.0	   217.4
  2521.0	   143.1
  2522.0	   185.7
  2523.0	   163.3
  2524.0	   172.0
  2525.0	   168.7
  2526.0	   149.6
  2527.0	   199.6
  2528.0	   145.2
  2529.0	   111.4
  2530.0	   124.0
  2531.0	   125.0
  2532.0	   146.3
  2533.0	   106.0
  2534.0	   102.2
  2535.0	   122.0
  2536.0	   119.6
  2537.0	   110.2
  2538.0	   121.7
  2539.0	   134.1
  2540.0	   127.2
  2541.0	    82.8
  2542.0	    89.6
  2543.0	    85.6
  2544.0	    57.9
  2545.0	    46.1
  2546.0	    53.0
  2547.0	    61.4
  2548.0	    51.0
  2549.0	    77.4
  2550.0	    70.2
  2551.0	    55.8
  2552.0	    63.6
  2553.0	    37.7
  2554.0	    32.6
  2555.0	    39.9
  2556.0	    38.7
  2557.0	    50.3
  2558.0	    45.6
  2559.0	    46.4
  2560.0	    43.7
  2561.0	    42.0
  2562.0	    21.8
  2563.0	    21.8
  2564.0	    51.3
  2565.0	    39.5
  2566.0	    26.9
  2567.0	    23.2
  2568.0	    19.8
  2569.0	    24.4
  2570.0	    17.1
  2571.0	    29.3
  2572.0	    43.0
  2573.0	    35.9
  2574.0	    19.6
  2575.0	    33.2
  2576.0	    38.8
  2577.0	    35.3
  2578.0	    23.4
  2579.0	    14.9
  2580.0	    15.3
  2581.0	    17.7
  2582.0	    16.5
  2583.0	     8.6
  2584.0	     9.5
  2585.0	     9.1
  2586.0	     3.1
  2587.0	     9.3
  2588.0	     4.7
  2589.0	     6.1
  2590.0	     7.4
  2591.0	    15.1
  2592.0	    17.5
  2593.0	    14.3
  2594.0	    11.7
  2595.0	     6.8
  2596.0	    24.1
  2597.0	    15.9
  2598.0	    11.9
  2599.0	     8.9
  2600.0	    16.8
  2601.0	    20.1
  2602.0	    15.8
  2603.0	    17.0
  2604.0	    28.2
  2605.0	    24.4
  2606.0	    25.3
  2607.0	    48.7
  2608.0	    45.3
  2609.0	    47.7
  2610.0	    56.7
  2611.0	    51.2
  2612.0	    50.2
  2613.0	    57.2
  2614.0	    57.2
  2615.0	    70.4
  2616.0	   110.9
  2617.0	    93.6
  2618.0	   111.8
  2619.0	    69.5
  2620.0	    86.5
  2621.0	    67.3
  2622.0	    91.5
  2623.0	   107.2
  2624.0	    76.8
  2625.0	    88.2
  2626.0	    94.3
  2627.0	   126.4
  2628.0	   121.8
  2629.0	   111.9
  2630.0	    92.2
  2631.0	    81.2
  2632.0	   127.2
  2633.0	   110.3
  2634.0	    96.1
  2635.0	   109.3
  2636.0	   117.2
  2637.0	   107.7
  2638.0	    86.0
  2639.0	   109.8
  2640.0	   104.4
  2641.0	   120.5
  2642.0	   135.8
  2643.0	   106.8
  2644.0	   120.0
  2645.0	   106.0
  2646.0	    96.8
  2647.0	    98.0
  2648.0	    91.3
  2649.0	    95.7
  2650.0	    93.5
  2651.0	    97.9
  2652.0	   111.5
  2653.0	   127.8
  2654.0	   102.9
  2655.0	   109.5
  2656.0	   127.5
  2657.0	   106.8
  2658.0	   112.5
  2659.0	    93.0
  2660.0	    99.5
  2661.0	    86.6
  2662.0	    95.2
  2663.0	    83.5
  2664.0	    91.3
  2665.0	    79.0
  2666.0	    60.7
  2667.0	    71.8
  2668.0	    57.5
  2669.0	    49.8
  2670.0	    81.0
  2671.0	    61.4
  2672.0	    50.2
  2673.0	    51.7
  2674.0	    63.2
  2675.0	    82.2
  2676.0	    61.5
  2677.0	    88.4
  2678.0	    80.1
  2679.0	    63.2
  2680.0	    80.5
  2681.0	    88.0
  2682.0	    76.5
  2683.0	    76.8
  2684.0	    64.0
  2685.0	    61.3
  2686.0	    41.6
  2687.0	    45.3
  2688.0	    43.4
  2689.0	    42.9
  2690.0	    46.0
  2691.0	    57.7
  2692.0	    42.4
  2693.0	    39.5
  2694.0	    23.1
  2695.0	    25.6
  2696.0	    59.3
  2697.0	    30.7
  2698.0	    23.9
  2699.0	    23.3
  2700.0	    27.6
  2701.0	    26.0
  2702.0	    21.3
  2703.0	    40.3
  2704.0	    39.5
  2705.0	    36.0
  2706.0	    55.8
  2707.0	    33.6
  2708.0	    40.2
  2709.0	    47.1
  2710.0	    25.0
  2711.0	    20.5
  2712.0	    18.9
  2713.0	    11.5
  2714.0	    11.5
  2715.0	     5.1
  2716.0	     9.0
  2717.0	    11.4
  2718.0	    28.2
  2719.0	    39.7
  2720.0	    13.9
  2721.0	     9.1
  2722.0	    19.4
  2723.0	     7.8
  2724.0	     8.1
  2725.0	     4.3
  2726.0	    21.9
  2727.0	    18.8
  2728.0	    12.4
  2729.0	    12.2
  2730.0	     1.9
  2731.0	    16.4
  2732.0	    13.5
  2733.0	    20.6
  2734.0	     5.2
  2735.0	    15.3
  2736.0	    16.4
  2737.0	    23.1
  2738.0	     8.7
  2739.0	    12.9
  2740.0	    18.6
  2741.0	    38.5
  2742.0	    21.4
  2743.0	    30.1
  2744.0	    44.0
  2745.0	    43.8
  2746.0	    29.1
  2747.0	    43.2
  2748.0	    51.9
  2749.0	    93.6
  2750.0	    76.5
  2751.0	    99.7
  2752.0	    82.7
  2753.0	    95.1
  2754.0	    70.4
  2755.0	    58.1
  2756.0	   138.2
  2757.0	   125.1
  2758.0	    97.9
  2759.0	   122.7
  2760.0	   166.6
  2761.0	   137.5
  2762.0	   138.0
  2763.0	   101.5
  2764.0	   134.4
  2765.0	   149.5
  2766.0	   159.4
  2767.0	   142.2
  2768.0	   188.4
  2769.0	   186.2
  2770.0	   183.3
  2771.0	   176.3
  2772.0	   159.6
  2773.0	   155.0
  2774.0	   126.2
  2775.0	   164.1
  2776.0	   179.9
  2777.0	   157.3
  2778.0	   136.3
  2779.0	   135.4
  2780.0	   155.0
  2781.0	   164.7
  2782.0	   147.9
  2783.0	   174.4
  2784.0	   114.0
  2785.0	   141.3
  2786.0	   135.5
  2787.0	   156.4
  2788.0	   127.5
  2789.0	    90.9
  2790.0	   143.8
  2791.0	   158.7
  2792.0	   167.3
  2793.0	   162.4
  2794.0	   137.5
  2795.0	   150.1
  2796.0	   111.2
  2797.0	   163.6
  2798.0	   153.8
  2799.0	   122.0
  2800.0	    82.2
  2801.0	   110.4
  2802.0	   106.1
  2803.0	   107.6
  2804.0	   118.8
  2805.0	    94.7
  2806.0	    98.1
  2807.0	   127.0
  2808.0	    84.3
  2809.0	    51.0
  2810.0	    66.5
  2811.0	    80.7
  2812.0	    99.2
  2813.0	    91.1
  2814.0	    82.2
  2815.0	    71.8
  2816.0	    50.3
  2817.0	    55.8
  2818.0	    33.4
  2819.0	    33.4
  2820.0	    57.0
  2821.0	    85.4
  2822.0	    83.5
  2823.0	    69.7
  2824.0	    76.4
  2825.0	    46.1
  2826.0	    37.4
  2827.0	    25.5
  2828.0	    15.7
  2829.0	    12.0
  2830.0	    22.8
  2831.0	    18.7
  2832.0	    16.5
  2833.0	    15.9
  2834.0	    17.2
  2835.0	    16.2
  2836.0	    27.5
  2837.0	    24.2
  2838.0	    30.7
  2839.0	    11.1
  2840.0	     3.9
  2841.0	    18.6
  2842.0	    16.2
  2843.0	    17.3
  2844.0	     2.5
  2845.0	    23.2
  2846.0	    15.1
  2847.0	    18.5
  2848.0	    13.7
  2849.0	     1.1
  2850.0	    18.1
  2851.0	     7.4
  2852.0	     3.8
  2853.0	    35.4
  2854.0	    15.2
  2855.0	     6.8
  2856.0	    10.4
  2857.0	     2.4
  2858.0	    14.7
  2859.0	    39.6
  2860.0	    33.0
  2861.0	    17.4
  2862.0	    33.0
  2863.0	    38.7
  2864.0	    33.9
  2865.0	    60.6
  2866.0	    39.9
  2867.0	    27.1
  2868.0	    59.0
  2869.0	    40.0
  2870.0	    76.2
  2871.0	    88.0
  2872.0	    60.1
  2873.0	   101.8
  2874.0	   113.8
  2875.0	   111.6
  2876.0	   120.1
  2877.0	   125.1
  2878.0	   125.1
  2879.0	   179.2
  2880.0	   161.3
  2881.0	   165.1
  2882.0	   131.4
  2883.0	   130.6
  2884.0	   138.5
  2885.0	   196.2
  2886.0	   126.9
  2887.0	   168.9
  2888.0	   176.7
  2889.0	   159.4
  2890.0	   173.0
  2891.0	   165.5
  2892.0	   177.3
  2893.0	   130.5
  2894.0	   140.3
  2895.0	   140.3
  2896.0	   132.2
  2897.0	   105.4
  2898.0	   149.4
  2899.0	   200.3
  2900.0	   125.2
  2901.0	   145.5
  2902.0	   131.4
  2903.0	   129.7
  2904.0	   136.9
  2905.0	   167.5
  2906.0	   141.9
  2907.0	   140.0
  2908.0	   121.3
  2909.0	   169.7
  2910.0	   173.7
  2911.0	   176.3
  2912.0	   125.3
  2913.0	   144.1
  2914.0	   108.2
  2915.0	   144.4
  2916.0	   150.0
  2917.0	   161.1
  2918.0	   106.7
  2919.0	    99.8
  2920.0	    73.8
  2921.0	    65.2
  2922.0	    85.7
  2923.0	    64.5
  2924.0	    63.9
  2925.0	    88.7
  2926.0	    91.8
  2927.0	    82.6
  2928.0	    59.3
  2929.0	    91.0
  2930.0	    69.8
  2931.0	    62.2
  2932.0	    61.3
  2933.0	    49.8
  2934.0	    57.9
  2935.0	    42.2
  2936.0	    22.4
  2937.0	    56.4
  2938.0	    35.6
  2939.0	    48.9
  2940.0	    57.8
  2941.0	    35.5
  2942.0	    31.7
  2943.0	    16.1
  2944.0	    17.8
  2945.0	    28.0
  2946.0	    35.1
  2947.0	    22.5
  2948.0	    25.7
  2949.0	    44.0
  2950.0	    18.0
  2951.0	    26.2
  2952.0	    24.2
  2953.0	    29.9
  2954.0	    31.1
  2955.0	    14.0
  2956.0	    14.5
  2957.0	    15.6
  2958.0	    14.5
  2959.0	    14.3
  2960.0	    11.8
  2961.0	    21.1
  2962.0	     9.0
  2963.0	    10.0
  2964.0	    11.5
  2965.0	     4.4
  2966.0	     9.2
  2967.0	     4.8
  2968.0	     5.5
  2969.0	    11.8
  2970.0	     8.2
  2971.0	    14.4
  2972.0	     1.6
  2973.0	     0.9
  2974.0	    17.9
  2975.0	    13.3
  2976.0	     5.7
  2977.0	     7.6
  2978.0	     8.7
  2979.0	    15.5
  2980.0	    18.5
  2981.0	    12.7
  2982.0	    10.4
  2983.0	    24.4
  2984.0	    51.3
  2985.0	    22.8
  2986.0	    39.0
  2987.0	    41.2
  2988.0	    31.9
  2989.0	    40.3
  2990.0	    54.8
  2991.0	    53.4
  2992.0	    56.3
  2993.0	    70.7
  2994.0	    66.6
  2995.0	    92.2
  2996.0	    92.9
  2997.0	    55.5
  2998.0	    74.0
  2999.0	    81.9
  3000.0	    62.0
  3001.0	    66.3
  3002.0	    68.8
  3003.0	    63.7
  3004.0	   106.4
  3005.0	   137.7
  3006.0	   113.5
  3007.0	    93.7
  3008.0	    71.5
  3009.0	   116.7
  3010.0	   133.2
  3011.0	    84.6
  3012.0	    90.1
  3013.0	   112.9
  3014.0	   138.5
  3015.0	   125.5
  3016.0	   121.6
  3017.0	   124.9
  3018.0	   170.1
  3019.0	   130.5
  3020.0	   109.7
  3021.0	    99.4
  3022.0	   106.8
  3023.0	   104.4
  3024.0	    95.6
  3025.0	    80.6
  3026.0	   113.5
  3027.0	   107.7
  3028.0	    96.6
  3029.0	   134.0
  3030.0	    81.8
  3031.0	   106.4
  3032.0	   150.7
  3033.0	   125.5
  3034.0	   106.5
  3035.0	   132.2
  3036.0	   114.1
  3037.0	   107.4
  3038.0	    98.4
  3039.0	   120.7
  3040.0	   120.8
  3041.0	    88.3
  3042.0	    99.6
  3043.0	   116.4
  3044.0	   109.6
  3045.0	    97.5
  3046.0	    95.5
  3047.0	    80.8
  3048.0	    79.7
  3049.0	    46.0
  3050.0	    61.1
  3051.0	    60.0
  3052.0	    54.6
  3053.0	    77.4
  3054.0	    83.3
  3055.0	    72.7
  3056.0	    48.7
  3057.0	    65.5
  3058.0	    67.3
  3059.0	    46.5
  3060.0	    37.3
  3061.0	    45.8
  3062.0	    49.1
  3063.0	    39.3
  3064.0	    41.5
  3065.0	    43.2
  3066.0	    51.1
  3067.0	    40.9
  3068.0	    27.7
  3069.0	    48.0
  3070.0	    43.5
  3071.0	    17.9
  3072.0	    31.3
  3073.0	    29.2
  3074.0	    24.5
  3075.0	    24.2
  3076.0	    42.7
  3077.0	    39.3
  3078.0	    40.1
  3079.0	    36.4
  3080.0	    21.9
  3081.0	     8.7
  3082.0	    18.0
  3083.0	    41.1
  3084.0	    15.3
  3085.0	     4.9
  3086.0	    10.6
  3087.0	    30.2
  3088.0	    22.3
  3089.0	    13.9
  3090.0	    12.2
  3091.0	    12.9
  3092.0	    14.4
  3093.0	    10.5
  3094.0	    21.4
  3095.0	    13.6
  3096.0	    16.8
  3097.0	    10.7
  3098.0	     4.5
  3099.0	     3.4
  3100.0	    11.7
  3101.0	    12.1
  3102.0	     9.7
  3103.0	     6.0
  3104.0	     2.4
  3105.0	     0.9
  3106.0	     1.7
  3107.0	    10.1
  3108.0	     3.3
  3109.0	     2.1
  3110.0	     9.3
  3111.0	     2.9
  3112.0	     3.2
  3113.0	     3.4
  3114.0	     0.8
  3115.0	     0.5
  3116.0	     1.1
  3117.0	     2.9
  3118.0	     4.1
  3119.0	     0.8
  3120.0	     1.3
  3121.0	     1.4
  3122.0	     0.7
  3123.0	     0.8
  3124.0	     2.9
  3125.0	     2.9
  3126.0	     3.2
  3127.0	     0.0
  3128.0	     4.3
  3129.0	     4.8
  3130.0	     4.1
  3131.0	    10.8
  3132.0	    13.2
  3133.0	    18.8
  3134.0	    15.4
  3135.0	     8.0
  3136.0	     8.7
  3137.0	    13.6
  3138.0	    16.1
  3139.0	    19.6
  3140.0	    25.2
  3141.0	    23.5
  3142.0	    21.6
