# 
# ['Tue Apr 29 15:22:01 PDT 2014']
# 
 23.680  10.778  27.154  35.104  18.743
 27.340  28.584  16.124  23.121  21.357
 30.210  12.476  16.348  29.638  19.789
 15.175  18.776  31.293  21.539  12.628
 15.789  11.863  32.296  31.035  23.768
 13.537  23.862  29.828  18.316  17.882
 15.463  13.557  30.193  33.512  36.015
 28.913  21.087  33.465  20.764  15.345
 24.384  31.674  23.084  32.564  26.184
 19.686  31.692  12.090  35.081  19.240
 34.541  22.957  31.515  18.705  16.938
 20.361  23.600  29.907  24.862  20.442
 21.670  29.535  28.082  15.827  26.710
 14.186  15.183  13.402  25.936  28.511
 15.813  21.791  36.176  17.175  32.517
 20.720  32.480  12.536  20.073  13.739
 21.562  16.876  21.047  22.824  23.557
 30.326  29.415  12.383  28.925  11.605
 32.230  24.332  35.594  36.183  17.884
 23.869  23.410  36.132  29.056  33.249
 26.647  13.265  21.544  34.686  17.430
 25.137  24.734  32.515  24.756  35.875
 18.996  24.626  15.463  24.303  32.475
 16.004  23.267  10.720  32.709  30.455
 15.708  35.883  13.440  33.923  23.277
 17.851  26.054  25.685  29.157  22.671
 11.551  16.328  22.450  29.473  18.304
 22.633  22.529  16.690  31.322  20.179
 21.698  18.514  16.742  22.369  35.987
 11.639  11.670  26.143  15.995  32.589
 31.732  32.605  36.042  23.651  16.097
 24.901  13.509  26.810  27.351  34.313
 12.555  21.116  23.581  31.933  25.889
 19.084  24.415  20.399  32.099  20.906
 30.370  19.686  31.535  28.945  35.690
 34.546  21.284  16.514  24.771  11.123
 26.242  14.659  15.023  12.374  21.392
 12.587  21.551  19.933  25.918  22.894
 21.011  30.219  23.533  23.458  36.011
 26.629  17.212  16.328  24.531  17.940
 17.587  20.911  15.403  29.853  18.944
 31.351  36.191  22.793  18.124  34.901
 15.088  23.347  30.470  33.108  10.989
 24.066  31.138  30.379  26.839  35.374
 11.698  28.419  33.320  26.033  35.435
 31.877  10.715  30.645  13.679  24.327
 23.831  20.153  34.824  32.502  13.424
 17.052  20.233  34.542  29.013  19.111
 30.027  16.427  33.637  12.911  28.629
 13.436  30.307  19.651  15.306  35.236
 21.741  13.657  34.901  16.035  31.491
 11.034  23.685  18.534  13.530  19.934
 15.620  14.333  11.895  21.206  21.702
 20.323  33.816  31.236  32.441  15.147
 21.938  31.192  15.623  15.533  29.419
 30.662  12.163  30.729  35.305  28.525
 16.107  20.521  32.397  18.167  23.602
 11.263  29.375  28.167  16.504  30.081
 27.001  19.116  25.088  25.453  35.147
 14.806  13.686  20.598  23.321  23.320
 12.700  34.772  19.739  19.743  14.274
 24.743  17.692  13.724  11.677  30.831
 16.686  13.777  35.115  22.215  20.089
 25.179  28.106  23.392  23.558  34.595
 22.648  21.244  19.671  12.680  20.164
 28.006  13.141  24.196  16.674  19.166
 26.178  27.824  29.191  33.964  26.175
 29.605  17.890  31.756  12.448  24.283
 34.837  31.729  31.614  19.641  26.208
 33.936  33.915  12.487  36.115  14.509
 11.443  11.910  17.558  25.954  17.665
 32.398  32.195  22.643  33.566  25.921
 31.283  17.575  22.621  29.529  26.210
 30.398  20.201  24.995  22.971  29.252
 31.123  10.861  36.042  31.218  11.629
 13.156  22.174  16.769  25.034  17.712
 21.268  16.389  16.232  19.929  30.364
 24.661  23.501  10.810  15.539  27.072
 29.485  24.659  31.222  13.543  15.127
 15.986  21.964  12.290  34.310  25.042
 15.764  22.957  21.032  25.802  24.717
 21.533  29.760  16.217  24.177  25.658
 12.044  33.020  20.474  28.234  23.571
 31.243  29.148  18.332  31.126  14.145
 22.566  12.534  15.110  25.318  31.530
 14.125  29.092  26.838  13.016  25.412
 29.651  12.171  19.639  34.311  26.278
 28.678  24.664  11.313  13.649  31.338
 12.523  28.598  16.366  22.152  15.580
 13.174  32.508  24.231  27.742  30.243
 20.909  23.476  20.206  26.836  29.121
 13.513  20.578  13.462  16.738  27.326
 11.345  33.230  31.750  25.185  21.260
 20.372  12.560  13.311  24.426  29.446
 24.894  27.177  21.957  35.271  21.959
 29.411  20.466  24.608  25.914  23.459
 29.378  32.823  32.624  13.900  14.136
 14.208  25.207  18.878  26.259  18.686
 19.105  35.567  14.437  16.778  16.553
 17.411  33.193  11.890  24.590  22.360
